keys=/four.php,/five.php
931,644,0,0
931,644,0,0
931,644,0,0
931,644,0,0
933,643,0,0
933,643,0,0
939,641,0,0
939,641,0,0
949,639,0,0
949,639,0,0
961,634,0,0
961,634,0,0
977,629,0,0
977,629,0,0
995,624,0,0
995,624,0,0
1015,616,0,0
1015,616,0,0
1035,610,0,0
1035,610,0,0
1055,602,0,0
1055,602,0,0
1074,595,0,0
1074,595,0,0
1092,587,0,0
1092,587,0,0
1110,580,0,0
1110,580,0,0
1125,572,0,0
1125,572,0,0
1140,566,0,0
1140,566,0,0
1151,557,0,0
1151,557,0,0
1161,551,0,0
1161,551,0,0
1170,544,0,0
1170,544,0,0
1176,537,0,0
1176,537,0,0
1181,531,0,0
1181,531,0,0
1186,526,0,0
1186,526,0,0
1189,522,0,0
1189,522,0,0
1194,519,0,0
1194,519,0,0
1197,515,0,0
1197,515,0,0
1201,512,0,0
1201,512,0,0
1204,508,0,0
1204,508,0,0
1209,506,0,0
1209,506,0,0
1211,503,0,0
1211,503,0,0
1213,502,0,0
1213,502,0,0
1214,502,0,0
1214,502,0,0
1214,502,0,0
1214,502,0,0
1214,502,0,0
1214,502,0,0
1214,502,0,0
1214,502,0,0
1214,502,0,0
1214,502,0,0
1214,502,0,0
1214,502,0,0
1214,502,0,0
1214,502,0,0
1214,502,0,0
1214,502,0,0
1214,502,0,0
1214,502,0,0
1214,502,0,0
1214,502,0,0
1214,502,0,0
1214,502,0,0
1214,502,0,0
1214,502,0,0
1214,502,0,0
1214,502,0,0
1214,502,0,0
1214,502,0,0
1214,502,0,0
1214,502,0,0
1214,502,0,0
1214,502,0,0
1214,502,0,0
1214,502,0,0
1214,502,0,0
1214,502,0,0
1214,502,0,0
1214,502,0,0
1214,502,0,0
1214,502,0,0
1214,502,0,0
1214,502,0,0
1214,502,0,0
1214,502,0,0
1214,502,0,0
1214,502,0,0
1214,502,0,0
1214,502,0,0
1214,502,0,0
1214,502,0,0
1214,502,0,0
1214,502,0,0
1214,502,0,0
1214,502,0,0
1214,502,0,0
1214,502,0,0
1214,502,0,0
1214,502,0,0
1214,502,0,0
1214,502,0,0
1214,502,0,0
1214,502,0,0
1214,502,0,0
1214,502,0,0
1214,502,0,0
1214,502,0,0
1214,502,0,0
1214,502,0,0
1214,502,0,0
1214,502,0,0
1214,502,0,0
1214,502,0,0
1214,502,0,0
1214,502,0,0
1214,502,0,0
1214,502,0,0
1214,502,0,0
1214,502,0,0
1214,502,0,0
1214,502,0,0
1214,502,0,0
1214,502,0,0
1214,502,0,0
1213,502,0,0
1213,502,0,0
1212,502,0,0
1212,502,0,0
1209,502,0,0
1209,502,0,0
1203,502,0,0
1203,502,0,0
1196,502,0,0
1196,502,0,0
1188,501,0,0
1188,501,0,0
1176,500,0,0
1176,500,0,0
1162,499,0,0
1162,499,0,0
1146,497,0,0
1146,497,0,0
1129,496,0,0
1129,496,0,0
1109,493,0,0
1109,493,0,0
1091,490,0,0
1091,490,0,0
1072,487,0,0
1072,487,0,0
1055,482,0,0
1055,482,0,0
1040,478,0,0
1040,478,0,0
1026,474,0,0
1026,474,0,0
1012,472,0,0
1012,472,0,0
1002,469,0,0
1002,469,0,0
992,465,0,0
992,465,0,0
985,463,0,0
985,463,0,0
977,460,0,0
977,460,0,0
971,458,0,0
971,458,0,0
966,453,0,0
966,453,0,0
961,449,0,0
961,449,0,0
958,446,0,0
958,446,0,0
954,444,0,0
954,444,0,0
951,439,0,0
951,439,0,0
948,437,0,0
948,437,0,0
946,435,0,0
946,435,0,0
943,433,0,0
943,433,0,0
942,431,0,0
942,431,0,0
941,430,0,0
941,430,0,0
941,430,0,0
941,430,0,0
941,430,0,0
941,430,0,0
941,429,0,0
941,429,0,0
940,429,0,0
940,429,0,0
940,429,0,0
940,429,0,0
940,429,0,0
940,429,0,0
940,429,0,0
940,429,0,0
940,429,0,0
940,429,0,0
940,429,0,0
940,429,0,0
940,429,0,0
940,429,0,0
940,429,0,0
940,429,0,0
940,429,0,0
940,429,0,0
940,429,0,0
940,429,0,0
940,429,0,0
940,429,0,0
940,429,0,0
940,429,0,0
940,429,0,0
940,429,0,0
940,429,0,0
940,429,0,0
940,429,0,0
940,429,0,0
940,429,0,0
940,429,0,0
940,429,0,0
940,429,0,0
940,429,0,0
940,429,0,0
940,429,0,0
940,429,0,0
940,429,0,0
940,429,0,0
940,429,0,0
940,429,0,0
940,429,0,0
940,429,0,0
939,429,0,0
939,429,0,0
939,429,0,0
938,429,0,0
938,429,0,0
936,429,0,0
936,429,0,0
935,429,0,0
935,429,0,0
933,429,0,0
933,429,0,0
932,429,0,0
932,429,0,0
931,429,0,0
931,429,0,0
931,429,0,0
931,429,0,0
929,429,0,0
929,429,0,0
929,429,0,0
929,429,0,0
928,429,0,0
928,429,0,0
928,429,0,0
928,429,0,0
928,429,0,0
928,429,0,0
928,429,0,0
928,429,0,0
928,429,0,0
928,429,0,0
928,429,0,0
928,429,0,0
928,429,0,0
928,429,0,0
928,429,0,0
928,429,0,0
928,429,0,0
928,429,0,0
928,430,0,0
928,430,0,0
929,430,0,0
929,430,0,0
929,432,0,0
929,432,0,0
929,433,0,0
929,433,0,0
929,434,0,0
929,434,0,0
929,434,0,0
929,434,0,0
929,435,0,0
929,435,0,0
929,435,0,0
929,435,0,0
929,435,0,0
929,435,0,0
929,435,0,0
929,435,0,0
929,435,0,0
929,435,0,0
929,435,0,0
929,435,0,0
929,435,0,0
929,435,0,0
929,435,0,0
929,435,0,0
929,435,0,0
929,435,0,0
929,435,0,0
929,435,0,0
929,435,0,0
929,435,0,0
928,437,0,0
928,437,0,0
927,437,0,0
927,437,0,0
926,439,0,0
926,439,0,0
925,440,0,0
925,440,0,0
922,442,0,0
922,442,0,0
920,444,0,0
920,444,0,0
917,445,0,0
917,445,0,0
914,447,0,0
914,447,0,0
911,450,0,0
911,450,0,0
907,452,0,0
907,452,0,0
903,456,0,0
903,456,0,0
899,459,0,0
899,459,0,0
895,462,0,0
895,462,0,0
892,465,0,0
892,465,0,0
889,470,0,0
889,470,0,0
886,476,0,0
886,476,0,0
884,483,0,0
884,483,0,0
882,492,0,0
882,492,0,0
881,500,0,0
881,500,0,0
880,510,0,0
880,510,0,0
880,521,0,0
880,521,0,0
880,530,0,0
880,530,0,0
879,538,0,0
879,538,0,0
879,544,0,0
879,544,0,0
879,550,0,0
879,550,0,0
879,555,0,0
879,555,0,0
879,558,0,0
879,558,0,0
879,560,0,0
879,560,0,0
880,564,0,0
880,564,0,0
881,566,0,0
881,566,0,0
882,568,0,0
882,568,0,0
882,569,0,0
882,569,0,0
884,570,0,0
884,570,0,0
885,570,0,0
885,570,0,0
885,570,0,0
887,570,0,0
887,570,0,0
889,570,0,0
889,570,0,0
891,569,0,0
891,569,0,0
894,567,0,0
894,567,0,0
897,564,0,0
897,564,0,0
901,560,0,0
901,560,0,0
905,555,0,0
905,555,0,0
909,547,0,0
909,547,0,0
915,540,0,0
915,540,0,0
919,532,0,0
919,532,0,0
924,524,0,0
924,524,0,0
929,517,0,0
929,517,0,0
934,509,0,0
934,509,0,0
937,502,0,0
937,502,0,0
942,494,0,0
942,494,0,0
944,486,0,0
944,486,0,0
947,479,0,0
947,479,0,0
949,474,0,0
949,474,0,0
951,467,0,0
951,467,0,0
952,461,0,0
952,461,0,0
952,456,0,0
952,456,0,0
953,452,0,0
953,452,0,0
953,446,0,0
953,446,0,0
954,442,0,0
954,442,0,0
955,437,0,0
955,437,0,0
956,434,0,0
956,434,0,0
957,429,0,0
957,429,0,0
957,425,0,0
957,425,0,0
957,422,0,0
957,422,0,0
958,419,0,0
958,419,0,0
958,416,0,0
958,416,0,0
958,414,0,0
958,414,0,0
959,412,0,0
959,412,0,0
959,409,0,0
959,409,0,0
959,408,0,0
959,408,0,0
960,405,0,0
960,405,0,0
961,403,0,0
961,403,0,0
961,402,0,0
961,402,0,0
961,399,0,0
961,399,0,0
961,397,0,0
961,397,0,0
961,396,0,0
961,396,0,0
961,394,0,0
961,394,0,0
961,392,0,0
961,392,0,0
962,390,0,0
962,390,0,0
962,389,0,0
962,389,0,0
962,387,0,0
962,387,0,0
962,385,0,0
962,385,0,0
962,384,0,0
962,384,0,0
962,382,0,0
962,382,0,0
962,381,0,0
962,381,0,0
962,380,0,0
962,380,0,0
962,379,0,0
962,379,0,0
962,377,0,0
962,377,0,0
962,375,0,0
962,375,0,0
962,373,0,0
962,373,0,0
962,371,0,0
962,371,0,0
962,369,0,0
962,369,0,0
963,367,0,0
963,367,0,0
963,365,0,0
963,365,0,0
963,364,0,0
963,364,0,0
963,364,0,0
963,364,0,0
963,363,0,0
963,363,0,0
963,363,0,0
963,363,0,0
963,363,0,0
963,363,0,0
963,363,0,0
963,363,0,0
963,363,0,0
963,363,0,0
963,363,0,0
963,363,0,0
963,362,0,0
963,362,0,0
963,362,0,0
963,362,0,0
963,361,0,0
963,361,0,0
963,361,0,0
963,361,0,0
963,361,0,0
963,360,0,0
963,360,0,0
963,360,0,0
963,360,0,0
963,360,0,0
963,360,0,0
963,360,0,0
963,360,0,0
963,360,0,0
963,360,0,0
963,360,0,0
963,360,0,0
963,360,0,0
963,360,0,0
963,360,0,0
963,360,0,0
963,360,0,0
963,360,0,0
963,360,0,0
963,360,0,0
963,360,0,0
963,360,0,0
963,360,0,0
963,360,0,0
963,360,0,0
963,360,0,0
963,360,0,0
963,360,0,0
963,360,0,0
963,360,0,0
963,360,0,0
963,360,0,0
963,360,0,0
963,360,0,0
963,360,0,0
963,360,0,0
963,360,0,0
963,360,0,0
963,359,0,0
963,359,0,0
963,359,0,0
963,359,0,0
963,359,0,0
963,359,0,0
963,359,0,0
963,359,0,0
963,359,0,0
963,359,0,0
963,359,0,0
963,359,0,0
963,359,0,0
963,359,0,0
963,359,0,0
963,359,0,0
963,359,0,0
963,359,0,0
963,359,0,0
963,359,0,0
963,359,0,0
963,359,0,0
963,359,0,0
963,359,0,0
963,359,0,0
963,359,0,0
963,359,0,0
963,359,0,0
963,359,0,0
963,359,0,0
963,359,0,0
963,359,0,0
963,359,0,0
963,359,0,0
963,359,0,0
963,359,0,0
963,359,0,0
963,359,0,0
963,359,0,0
963,359,0,0
963,359,0,0
963,359,0,0
963,359,0,0
963,359,0,0
963,359,0,0
click
