keys=/one.php
962,492,0,0
962,492,0,0
962,492,0,0
962,492,0,0
962,492,0,0
962,492,0,0
962,492,0,0
962,492,0,0
962,492,0,0
962,492,0,0
962,492,0,0
962,492,0,0
962,492,0,0
962,492,0,0
962,492,0,0
962,492,0,0
962,492,0,0
962,492,0,0
962,492,0,0
962,492,0,0
962,492,0,0
962,492,0,0
962,492,0,0
962,492,0,0
962,492,0,0
962,492,0,0
962,492,0,0
962,492,0,0
962,492,0,0
962,492,0,0
962,492,0,0
962,492,0,0
962,492,0,0
962,492,0,0
962,492,0,0
962,492,0,0
962,492,0,0
962,492,0,0
962,492,0,0
962,492,0,0
962,492,0,0
962,492,0,0
962,492,0,0
962,492,0,0
962,492,0,0
962,492,0,0
962,492,0,0
962,492,0,0
962,492,0,0
962,492,0,0
962,492,0,0
962,492,0,0
962,492,0,0
962,492,0,0
962,492,0,0
962,492,0,0
962,492,0,0
962,492,0,0
962,492,0,0
962,492,0,0
962,492,0,0
962,492,0,0
962,492,0,0
962,492,0,0
962,492,0,0
962,492,0,0
962,492,0,0
962,492,0,0
962,492,0,0
962,492,0,0
962,492,0,0
963,492,0,0
963,492,0,0
965,492,0,0
965,492,0,0
966,491,0,0
966,491,0,0
969,491,0,0
969,491,0,0
971,490,0,0
971,490,0,0
973,489,0,0
973,489,0,0
976,488,0,0
976,488,0,0
977,487,0,0
977,487,0,0
978,486,0,0
978,486,0,0
979,486,0,0
979,486,0,0
980,486,0,0
980,486,0,0
980,485,0,0
980,485,0,0
981,485,0,0
981,485,0,0
982,485,0,0
982,485,0,0
983,484,0,0
983,484,0,0
985,483,0,0
985,483,0,0
988,483,0,0
988,483,0,0
990,482,0,0
990,482,0,0
993,481,0,0
993,481,0,0
996,480,0,0
996,480,0,0
1000,480,0,0
1000,480,0,0
1004,478,0,0
1004,478,0,0
1008,478,0,0
1008,478,0,0
1012,476,0,0
1012,476,0,0
1016,475,0,0
1016,475,0,0
1021,475,0,0
1021,475,0,0
1025,473,0,0
1025,473,0,0
1031,471,0,0
1031,471,0,0
1036,471,0,0
1036,471,0,0
1043,470,0,0
1043,470,0,0
1052,469,0,0
1052,469,0,0
1062,467,0,0
1062,467,0,0
1073,467,0,0
1073,467,0,0
1083,465,0,0
1083,465,0,0
1094,464,0,0
1094,464,0,0
1105,463,0,0
1105,463,0,0
1115,462,0,0
1115,462,0,0
1124,461,0,0
1124,461,0,0
1133,459,0,0
1133,459,0,0
1139,458,0,0
1139,458,0,0
1145,458,0,0
1145,458,0,0
1149,456,0,0
1149,456,0,0
1152,456,0,0
1152,456,0,0
1154,456,0,0
1154,456,0,0
1154,456,0,0
1155,456,0,0
1156,456,0,0
1156,456,0,0
1156,456,0,0
1157,456,0,0
1157,456,0,0
1157,456,0,0
1157,456,0,0
1157,456,0,0
1157,456,0,0
1158,456,0,0
1158,456,0,0
1158,455,0,0
1158,455,0,0
1159,455,0,0
1159,455,0,0
1160,455,0,0
1160,455,0,0
1160,454,0,0
1160,454,0,0
1162,454,0,0
1162,454,0,0
1163,453,0,0
1163,453,0,0
1166,453,0,0
1166,453,0,0
1169,453,0,0
1169,453,0,0
1173,451,0,0
1173,451,0,0
1176,451,0,0
1176,451,0,0
1180,451,0,0
1180,451,0,0
1183,450,0,0
1183,450,0,0
1186,449,0,0
1186,449,0,0
1189,448,0,0
1189,448,0,0
1192,448,0,0
1192,448,0,0
1194,448,0,0
1194,448,0,0
1195,447,0,0
1195,447,0,0
1196,447,0,0
1196,447,0,0
1196,447,0,0
1196,447,0,0
1196,447,0,0
1196,447,0,0
1196,447,0,0
1196,447,0,0
1196,447,0,0
1196,447,0,0
1196,447,0,0
1196,447,0,0
1196,447,0,0
1196,447,0,0
1196,447,0,0
1196,447,0,0
1196,447,0,0
1196,447,0,0
1196,446,0,0
1196,446,0,0
1196,446,0,0
1196,446,0,0
1196,446,0,0
1196,446,0,0
1196,445,0,0
1196,445,0,0
1196,443,0,0
1196,443,0,0
1196,441,0,0
1196,441,0,0
1196,440,0,0
1196,440,0,0
1196,438,0,0
1196,438,0,0
1196,437,0,0
1196,437,0,0
1196,436,0,0
1196,436,0,0
1196,435,0,0
1196,435,0,0
1197,433,0,0
1197,433,0,0
1198,431,0,0
1198,431,0,0
1198,431,0,0
1198,430,0,0
1200,428,0,0
1200,428,0,0
1201,426,0,0
1201,426,0,0
1203,425,0,0
1203,425,0,0
1205,422,0,0
1205,422,0,0
1208,420,0,0
1208,420,0,0
1210,417,0,0
1210,417,0,0
1213,415,0,0
1213,415,0,0
1216,411,0,0
1216,411,0,0
1220,408,0,0
1220,408,0,0
1224,405,0,0
1224,405,0,0
1229,400,0,0
1229,400,0,0
1233,397,0,0
1233,397,0,0
1238,393,0,0
1238,393,0,0
1243,389,0,0
1243,389,0,0
1248,385,0,0
1248,385,0,0
1252,380,0,0
1252,380,0,0
1256,376,0,0
1256,376,0,0
1262,370,0,0
1262,370,0,0
1266,363,0,0
1266,363,0,0
1271,357,0,0
1271,357,0,0
1276,352,0,0
1276,352,0,0
1280,348,0,0
1280,348,0,0
1283,345,0,0
1283,345,0,0
1284,343,0,0
1284,343,0,0
1285,341,0,0
1285,341,0,0
1285,341,0,0
1285,340,0,0
1285,340,0,0
1285,340,0,0
1285,340,0,0
1285,340,0,0
1285,340,0,0
1285,340,0,0
1285,340,0,0
1286,340,0,0
1286,340,0,0
1286,339,0,0
1286,339,0,0
1286,338,0,0
1286,338,0,0
1286,338,0,0
1286,338,0,0
1287,338,0,0
1287,338,0,0
1288,337,0,0
1288,337,0,0
1288,336,0,0
1288,336,0,0
1289,336,0,0
1289,336,0,0
1290,336,0,0
1290,336,0,0
1290,335,0,0
1290,335,0,0
1290,335,0,0
1290,335,0,0
1290,335,0,0
1290,335,0,0
1290,335,0,0
1290,335,0,0
1291,335,0,0
1291,335,0,0
1291,334,0,0
1291,334,0,0
1291,334,0,0
1291,334,0,0
1291,334,0,0
1291,334,0,0
1291,334,0,0
1291,334,0,0
1291,334,0,0
1291,334,0,0
1291,334,0,0
1291,334,0,0
1291,334,0,0
1291,334,0,0
1291,334,0,0
1291,334,0,0
1291,334,0,0
1291,334,0,0
1291,334,0,0
1291,334,0,0
1291,334,0,0
1291,334,0,0
1291,334,0,0
1291,334,0,0
1291,334,0,0
1291,334,0,0
1291,334,0,0
1291,334,0,0
1291,334,0,0
1291,334,0,0
1291,334,0,0
1291,334,0,0
1291,334,0,0
1291,334,0,0
1291,334,0,0
1291,334,0,0
1291,334,0,0
1291,334,0,0
1291,334,0,0
1291,334,0,0
1291,334,0,0
1291,334,0,0
1291,334,0,0
1291,334,0,0
1291,334,0,0
1291,334,0,0
1291,334,0,0
1291,334,0,0
1291,334,0,0
1291,334,0,0
1291,334,0,0
1291,334,0,0
1291,334,0,0
1291,334,0,0
1291,334,0,0
1291,334,0,0
1291,334,0,0
1291,334,0,0
1291,334,0,0
1291,334,0,0
1291,334,0,0
1291,334,0,0
1291,334,0,0
1291,334,0,0
1291,334,0,0
1291,334,0,0
1291,334,0,0
1291,334,0,0
1291,334,0,0
1291,334,0,0
1291,334,0,0
1291,334,0,0
1291,334,0,0
1291,334,0,0
1291,334,0,0
1291,334,0,0
1291,334,0,0
1291,334,0,0
1291,334,0,0
1291,334,0,0
1291,334,0,0
1291,334,0,0
1291,334,0,0
1291,334,0,0
1291,334,0,0
1291,334,0,0
1291,334,0,0
1291,334,0,0
1291,334,0,0
1291,334,0,0
1291,334,0,0
1291,334,0,0
1291,334,0,0
1291,334,0,0
1291,334,0,0
1291,334,0,0
1291,334,0,0
1291,334,0,0
1291,334,0,0
1291,334,0,0
1291,334,0,0
1291,334,0,0
1291,334,0,0
1291,334,0,0
1291,334,0,0
1291,334,0,0
1291,334,0,0
1291,334,0,0
1291,334,0,0
1291,334,0,0
1291,334,0,0
1291,334,0,0
1291,334,0,0
1291,334,0,0
1291,334,0,0
1291,334,0,0
1291,334,0,0
1291,334,0,0
1291,334,0,0
1291,334,0,0
1291,334,0,0
1291,334,0,0
1291,334,0,0
1291,334,0,0
1291,334,0,0
1291,334,0,0
1291,334,0,0
1291,334,0,0
1291,334,0,0
1291,334,0,0
1291,334,0,0
1291,334,0,0
1291,334,0,0
1291,334,0,0
1291,334,0,0
1291,334,0,0
1291,334,0,0
1291,334,0,0
1291,334,0,0
1291,334,0,0
1291,334,0,0
1291,334,0,0
1291,334,0,0
1291,334,0,0
1291,334,0,0
1291,334,0,0
1291,334,0,0
1291,334,0,0
1291,334,0,0
1291,334,0,0
1291,334,0,0
1291,334,0,0
1291,334,0,0
1291,334,0,0
1291,334,0,0
1291,334,0,0
1291,334,0,0
1291,334,0,0
1291,334,0,0
1291,334,0,0
1291,334,0,0
1291,334,0,0
1291,334,0,0
1291,334,0,0
1291,334,0,0
1291,334,0,0
1291,334,0,0
1291,334,0,0
1291,334,0,0
1291,334,0,0
1291,334,0,0
1291,334,0,0
1291,334,0,0
1291,334,0,0
1291,334,0,0
1291,334,0,0
1291,334,0,0
1291,334,0,0
1291,334,0,0
1291,334,0,0
1291,334,0,0
1291,334,0,0
1291,334,0,0
1291,334,0,0
1291,334,0,0
1291,334,0,0
1291,334,0,0
1291,334,0,0
1291,334,0,0
1291,334,0,0
1291,334,0,0
1291,334,0,0
1291,334,0,0
1291,334,0,0
1291,334,0,0
1291,334,0,0
1291,334,0,0
1291,334,0,0
1291,334,0,0
1291,334,0,0
1291,334,0,0
1291,334,0,0
1291,334,0,0
1291,334,0,0
1291,334,0,0
1291,334,0,0
1291,334,0,0
1291,334,0,0
1291,334,0,0
1291,334,0,0
1291,334,0,0
1291,334,0,0
1291,334,0,0
1291,334,0,0
1291,334,0,0
1291,334,0,0
1291,334,0,0
1291,334,0,0
1291,334,0,0
1291,334,0,0
1291,334,0,0
1291,334,0,0
1291,334,0,0
1291,334,0,0
1291,334,0,0
1291,334,0,0
1291,334,0,0
1291,334,0,0
1291,334,0,0
1291,334,0,0
1291,334,0,0
1291,334,0,0
1291,334,0,0
1291,334,0,0
1291,334,0,0
1291,334,0,0
1291,334,0,0
1291,334,0,0
1291,334,0,0
1291,334,0,0
1291,334,0,0
1291,334,0,0
1291,334,0,0
1291,334,0,0
1123,377,0,0
1123,377,0,0
1123,377,0,0
1123,377,0,0
1123,377,0,0
1123,377,0,0
1123,377,0,0
1123,377,0,0
1123,377,0,0
1123,377,0,0
1123,377,0,0
1123,377,0,0
1123,377,0,0
1123,377,0,0
1123,377,0,0
1123,377,0,0
1123,377,0,0
1123,377,0,0
1123,377,0,0
1123,377,0,0
1123,377,0,0
1123,377,0,0
1123,377,0,0
1123,377,0,0
1123,377,0,0
1123,377,0,0
1123,377,0,0
1123,377,0,0
1123,377,0,0
1123,377,0,0
1123,377,0,0
1123,377,0,0
1123,377,0,0
1123,377,0,0
1123,377,0,0
1123,377,0,0
1123,377,0,0
1123,377,0,0
1123,377,0,0
1123,377,0,0
1123,377,0,0
1123,377,0,0
1123,377,0,0
1123,377,0,0
1123,377,0,0
1123,377,0,0
1123,377,0,0
1123,377,0,0
1123,377,0,0
1123,377,0,0
1123,377,0,0
1123,377,0,0
1123,377,0,0
1123,377,0,0
1123,377,0,0
1123,377,0,0
1123,377,0,0
1123,377,0,0
click
1122,378,0,0
1122,378,0,0
1121,380,0,0
1121,380,0,0
1119,381,0,0
1119,381,0,0
1117,384,0,0
1117,384,0,0
1113,386,0,0
1113,386,0,0
1108,391,0,0
1108,391,0,0
1100,397,0,0
1100,397,0,0
1087,404,0,0
1087,404,0,0
1073,411,0,0
1073,411,0,0
1055,420,0,0
1055,420,0,0
1035,428,0,0
1035,428,0,0
1012,434,0,0
1012,434,0,0
988,441,0,0
988,441,0,0
963,446,0,0
963,446,0,0
936,451,0,0
936,451,0,0
910,454,0,0
910,454,0,0
882,456,0,0
882,456,0,0
855,456,0,0
855,456,0,0
827,456,0,0
827,456,0,0
801,454,0,0
801,454,0,0
776,453,0,0
776,453,0,0
752,449,0,0
752,449,0,0
731,445,0,0
731,445,0,0
712,439,0,0
712,439,0,0
693,433,0,0
693,433,0,0
677,429,0,0
677,429,0,0
662,423,0,0
662,423,0,0
648,414,0,0
648,414,0,0
636,408,0,0
636,408,0,0
626,403,0,0
626,403,0,0
617,396,0,0
617,396,0,0
608,391,0,0
608,391,0,0
602,385,0,0
602,385,0,0
596,381,0,0
596,381,0,0
592,376,0,0
592,376,0,0
588,374,0,0
588,374,0,0
587,372,0,0
587,372,0,0
586,370,0,0
586,370,0,0
585,368,0,0
585,368,0,0
584,368,0,0
584,368,0,0
584,368,0,0
584,368,0,0
584,368,0,0
584,368,0,0
584,368,0,0
584,368,0,0
584,368,0,0
584,368,0,0
584,368,0,0
584,368,0,0
584,368,0,0
584,368,0,0
584,368,0,0
584,368,0,0
584,368,0,0
584,368,0,0
584,368,0,0
584,368,0,0
584,368,0,0
584,368,0,0
584,368,0,0
584,368,0,0
584,368,0,0
584,368,0,0
584,368,0,0
584,368,0,0
584,368,0,0
584,368,0,0
584,368,0,0
584,368,0,0
584,368,0,0
584,368,0,0
584,368,0,0
584,368,0,0
584,368,0,0
584,368,0,0
584,368,0,0
584,368,0,0
584,368,0,0
584,368,0,0
584,368,0,0
584,368,0,0
584,368,0,0
584,368,0,0
584,368,0,0
584,368,0,0
584,368,0,0
584,368,0,0
584,368,0,0
584,368,0,0
584,368,0,0
584,368,0,0
584,368,0,0
584,368,0,0
584,368,0,0
584,368,0,0
584,368,0,0
584,368,0,0
584,368,0,0
584,368,0,0
584,368,0,0
584,368,0,0
584,368,0,0
584,368,0,0
584,368,0,0
584,368,0,0
584,368,0,0
584,368,0,0
584,368,0,0
584,368,0,0
584,368,0,0
584,368,0,0
584,368,0,0
584,368,0,0
584,368,0,0
584,368,0,0
584,368,0,0
584,368,0,0
584,368,0,0
584,368,0,0
584,368,0,0
584,368,0,0
584,368,0,0
584,368,0,0
584,368,0,0
584,368,0,0
584,368,0,0
584,368,0,0
584,368,0,0
584,368,0,0
584,368,0,0
584,368,0,0
584,368,0,0
584,368,0,0
584,368,0,0
584,368,0,0
584,368,0,0
584,368,0,0
584,368,0,0
584,368,0,0
584,368,0,0
584,368,0,0
584,368,0,0
584,368,0,0
584,368,0,0
584,368,0,0
584,368,0,0
584,368,0,0
584,368,0,0
584,368,0,0
584,368,0,0
584,368,0,0
584,368,0,0
584,368,0,0
584,368,0,0
584,368,0,0
584,368,0,0
584,368,0,0
584,368,0,0
584,368,0,0
584,368,0,0
584,368,0,0
584,368,0,0
584,368,0,0
584,368,0,0
584,368,0,0
584,368,0,0
584,368,0,0
584,368,0,0
584,368,0,0
584,368,0,0
584,368,0,0
584,368,0,0
584,368,0,0
584,368,0,0
584,368,0,0
584,368,0,0
584,368,0,0
584,368,0,0
584,368,0,0
584,368,0,0
584,368,0,0
584,368,0,0
584,368,0,0
584,368,0,0
584,368,0,0
584,368,0,0
584,368,0,0
584,368,0,0
584,368,0,0
584,368,0,0
click
585,369,0,0
585,369,0,0
586,370,0,0
586,370,0,0
593,372,0,0
593,372,0,0
601,375,0,0
601,375,0,0
612,376,0,0
612,376,0,0
612,376,0,0
623,379,0,0
638,382,0,0
638,382,0,0
638,382,0,0
657,385,0,0
657,385,0,0
678,387,0,0
678,387,0,0
703,390,0,0
703,390,0,0
730,392,0,0
730,392,0,0
760,393,0,0
760,393,0,0
791,395,0,0
791,395,0,0
825,396,0,0
825,396,0,0
860,396,0,0
860,396,0,0
894,396,0,0
894,396,0,0
925,393,0,0
925,393,0,0
955,390,0,0
955,390,0,0
981,386,0,0
981,386,0,0
1005,382,0,0
1005,382,0,0
1026,377,0,0
1026,377,0,0
1043,372,0,0
1043,372,0,0
1060,367,0,0
1060,367,0,0
1074,360,0,0
1074,360,0,0
1089,350,0,0
1089,350,0,0
1103,338,0,0
1103,338,0,0
1115,326,0,0
1115,326,0,0
1125,313,0,0
1125,313,0,0
1133,301,0,0
1133,301,0,0
1139,290,0,0
1139,290,0,0
1141,277,0,0
1141,277,0,0
1143,266,0,0
1143,266,0,0
1144,253,0,0
1144,253,0,0
1144,241,0,0
1144,241,0,0
1144,231,0,0
1144,231,0,0
1142,221,0,0
1142,221,0,0
1140,213,0,0
1140,213,0,0
1135,206,0,0
1135,206,0,0
1131,200,0,0
1131,200,0,0
1125,192,0,0
1125,192,0,0
1118,186,0,0
1118,186,0,0
1111,180,0,0
1111,180,0,0
1104,173,0,0
1104,173,0,0
1095,168,0,0
1095,168,0,0
1087,164,0,0
1087,164,0,0
1076,159,0,0
1076,159,0,0
1068,156,0,0
1068,156,0,0
1058,149,0,0
1058,149,0,0
1048,145,0,0
1048,145,0,0
1038,140,0,0
1038,140,0,0
1029,135,0,0
1029,135,0,0
1021,131,0,0
1021,131,0,0
1013,126,0,0
1013,126,0,0
1006,121,0,0
1006,121,0,0
999,116,0,0
999,116,0,0
992,111,0,0
992,111,0,0
986,107,0,0
986,107,0,0
983,103,0,0
983,103,0,0
980,98,0,0
980,98,0,0
978,95,0,0
978,95,0,0
975,91,0,0
975,91,0,0
974,87,0,0
974,87,0,0
972,85,0,0
972,85,0,0
970,82,0,0
970,82,0,0
970,79,0,0
970,79,0,0
967,76,0,0
967,76,0,0
965,73,0,0
965,73,0,0
962,71,0,0
962,71,0,0
961,68,0,0
961,68,0,0
959,66,0,0
959,66,0,0
958,65,0,0
958,65,0,0
957,62,0,0
957,62,0,0
956,60,0,0
956,60,0,0
956,58,0,0
956,58,0,0
955,55,0,0
955,55,0,0
954,53,0,0
954,53,0,0
953,51,0,0
953,51,0,0
953,51,0,0
952,49,0,0
952,49,0,0
951,48,0,0
951,48,0,0
951,46,0,0
951,46,0,0
951,44,0,0
951,44,0,0
951,43,0,0
951,43,0,0
950,41,0,0
950,41,0,0
950,40,0,0
950,40,0,0
950,39,0,0
950,39,0,0
950,38,0,0
950,38,0,0
950,38,0,0
950,38,0,0
950,37,0,0
950,37,0,0
951,37,0,0
951,37,0,0
951,36,0,0
951,36,0,0
951,36,0,0
951,36,0,0
951,35,0,0
951,35,0,0
951,35,0,0
951,35,0,0
951,35,0,0
951,35,0,0
951,34,0,0
951,34,0,0
951,34,0,0
951,34,0,0
951,34,0,0
951,34,0,0
951,34,0,0
951,34,0,0
951,34,0,0
951,34,0,0
951,34,0,0
951,34,0,0
951,34,0,0
951,34,0,0
951,34,0,0
951,34,0,0
951,34,0,0
951,34,0,0
951,34,0,0
951,34,0,0
951,34,0,0
951,34,0,0
951,34,0,0
951,34,0,0
951,34,0,0
951,34,0,0
951,34,0,0
951,34,0,0
951,34,0,0
951,34,0,0
951,34,0,0
951,34,0,0
951,34,0,0
951,34,0,0
951,34,0,0
951,34,0,0
951,34,0,0
951,34,0,0
951,34,0,0
951,34,0,0
951,34,0,0
951,34,0,0
951,34,0,0
951,34,0,0
951,34,0,0
951,34,0,0
951,34,0,0
951,34,0,0
951,34,0,0
951,34,0,0
951,34,0,0
951,34,0,0
951,34,0,0
951,34,0,0
951,34,0,0
952,34,0,0
952,34,0,0
953,35,0,0
953,35,0,0
955,36,0,0
955,36,0,0
958,37,0,0
958,37,0,0
961,39,0,0
961,39,0,0
966,41,0,0
966,41,0,0
970,43,0,0
970,43,0,0
974,46,0,0
974,46,0,0
980,47,0,0
980,47,0,0
983,49,0,0
983,49,0,0
988,50,0,0
988,50,0,0
993,52,0,0
993,52,0,0
998,53,0,0
998,53,0,0
1004,54,0,0
1004,54,0,0
1010,55,0,0
1010,55,0,0
1016,56,0,0
1016,56,0,0
1021,57,0,0
1021,57,0,0
1021,57,0,0
1027,58,0,0
1033,58,0,0
1033,58,0,0
1038,58,0,0
1038,58,0,0
1043,58,0,0
1043,58,0,0
1048,58,0,0
1048,58,0,0
1051,58,0,0
1051,58,0,0
1056,58,0,0
1056,58,0,0
1060,58,0,0
1060,58,0,0
1063,57,0,0
1063,57,0,0
1068,57,0,0
1068,57,0,0
1071,55,0,0
1071,55,0,0
1071,55,0,0
1075,55,0,0
1075,55,0,0
1078,55,0,0
1078,55,0,0
1081,53,0,0
1081,53,0,0
1083,52,0,0
1083,52,0,0
1085,51,0,0
1085,51,0,0
1088,51,0,0
1088,51,0,0
1088,51,0,0
1088,51,0,0
1090,50,0,0
1090,50,0,0
1090,50,0,0
1090,50,0,0
1090,50,0,0
1090,50,0,0
1091,49,0,0
1091,49,0,0
1091,49,0,0
1091,49,0,0
1092,48,0,0
1092,48,0,0
1093,47,0,0
1093,47,0,0
1093,46,0,0
1093,46,0,0
1094,46,0,0
1094,46,0,0
1095,45,0,0
1095,45,0,0
1095,44,0,0
1095,44,0,0
1096,43,0,0
1096,43,0,0
1097,43,0,0
1097,43,0,0
1098,42,0,0
1098,42,0,0
1098,41,0,0
1098,41,0,0
1099,41,0,0
1099,41,0,0
1100,41,0,0
1100,41,0,0
1100,40,0,0
1100,40,0,0
1100,40,0,0
1100,40,0,0
1101,39,0,0
1101,39,0,0
1102,38,0,0
1102,38,0,0
1103,37,0,0
1103,37,0,0
1104,36,0,0
1104,36,0,0
1105,35,0,0
1105,35,0,0
1106,35,0,0
1106,35,0,0
1108,33,0,0
1108,33,0,0
1108,33,0,0
1108,33,0,0
1110,32,0,0
1110,32,0,0
1110,31,0,0
1110,31,0,0
1110,31,0,0
1110,31,0,0
1111,31,0,0
1111,31,0,0
1111,31,0,0
1111,31,0,0
1112,30,0,0
1112,30,0,0
1113,30,0,0
1113,30,0,0
1114,29,0,0
1114,29,0,0
1115,29,0,0
1115,29,0,0
1115,28,0,0
1115,28,0,0
1115,28,0,0
1115,28,0,0
1116,28,0,0
1116,28,0,0
1117,27,0,0
1117,27,0,0
1118,26,0,0
1118,26,0,0
1120,26,0,0
1120,26,0,0
1121,26,0,0
1121,26,0,0
1123,26,0,0
1123,26,0,0
1125,26,0,0
1125,26,0,0
1127,26,0,0
1127,26,0,0
1128,26,0,0
1128,26,0,0
1129,25,0,0
1129,25,0,0
1129,25,0,0
1129,25,0,0
1129,25,0,0
1129,25,0,0
1129,25,0,0
1129,25,0,0
1129,25,0,0
1129,25,0,0
1129,25,0,0
1129,25,0,0
1129,25,0,0
1129,25,0,0
1129,25,0,0
1129,25,0,0
1129,25,0,0
1129,25,0,0
1129,25,0,0
1129,25,0,0
1129,25,0,0
1129,25,0,0
1129,25,0,0
1129,25,0,0
1129,25,0,0
1129,25,0,0
1129,25,0,0
1129,25,0,0
1129,25,0,0
1129,25,0,0
1129,25,0,0
1129,25,0,0
1129,25,0,0
1129,25,0,0
1129,25,0,0
1129,25,0,0
1129,25,0,0
1129,25,0,0
1129,25,0,0
1129,25,0,0
1129,25,0,0
1129,25,0,0
1129,25,0,0
1129,25,0,0
1129,25,0,0
1129,25,0,0
1129,25,0,0
1129,25,0,0
1129,25,0,0
1129,25,0,0
1129,25,0,0
1129,25,0,0
1129,25,0,0
1129,25,0,0
1129,25,0,0
1129,25,0,0
1129,25,0,0
1129,25,0,0
1129,25,0,0
1129,25,0,0
1129,25,0,0
1129,25,0,0
1129,25,0,0
1129,25,0,0
1129,25,0,0
1129,25,0,0
1129,25,0,0
1129,25,0,0
1129,25,0,0
1129,25,0,0
1129,25,0,0
1129,25,0,0
1129,25,0,0
1129,25,0,0
1129,25,0,0
1129,25,0,0
1129,25,0,0
1129,25,0,0
1129,25,0,0
1129,25,0,0
1129,25,0,0
1129,25,0,0
1129,25,0,0
1129,25,0,0
1129,25,0,0
1129,25,0,0
1129,25,0,0
1129,25,0,0
1129,25,0,0
1129,25,0,0
1129,25,0,0
1129,25,0,0
1129,25,0,0
1129,25,0,0
1129,25,0,0
1129,25,0,0
1129,25,0,0
1129,25,0,0
1129,25,0,0
1129,25,0,0
1129,25,0,0
1129,25,0,0
1129,25,0,0
1129,25,0,0
1129,25,0,0
1129,25,0,0
1129,25,0,0
1129,25,0,0
1129,25,0,0
1129,25,0,0
1129,25,0,0
1129,25,0,0
1129,25,0,0
1129,25,0,0
1129,25,0,0
1129,25,0,0
1129,25,0,0
1129,25,0,0
1129,25,0,0
1129,25,0,0
1129,25,0,0
1129,25,0,0
1129,25,0,0
1129,25,0,0
1129,25,0,0
1129,25,0,0
1129,25,0,0
1129,25,0,0
1129,25,0,0
1129,25,0,0
1129,25,0,0
1129,25,0,0
1129,25,0,0
1129,25,0,0
1129,25,0,0
1129,25,0,0
1129,25,0,0
1129,25,0,0
1129,25,0,0
1129,25,0,0
1129,25,0,0
1129,25,0,0
1129,25,0,0
1129,25,0,0
1129,25,0,0
1129,25,0,0
1129,25,0,0
1129,25,0,0
1129,25,0,0
1129,25,0,0
1129,25,0,0
1129,25,0,0
1129,25,0,0
1129,25,0,0
1129,25,0,0
1129,25,0,0
1129,25,0,0
1129,25,0,0
1129,25,0,0
1129,25,0,0
1129,25,0,0
1129,25,0,0
1129,25,0,0
1129,25,0,0
1129,25,0,0
1129,25,0,0
1129,25,0,0
1129,25,0,0
1129,25,0,0
1129,25,0,0
1129,25,0,0
1129,25,0,0
1129,25,0,0
1129,25,0,0
1129,25,0,0
1129,25,0,0
1129,25,0,0
1129,25,0,0
1129,25,0,0
1129,25,0,0
1129,25,0,0
1129,25,0,0
1129,25,0,0
1129,25,0,0
1129,25,0,0
1129,25,0,0
1129,25,0,0
1129,25,0,0
1129,25,0,0
1129,25,0,0
1129,25,0,0
1129,25,0,0
1129,25,0,0
1129,25,0,0
1129,25,0,0
1129,25,0,0
1129,25,0,0
1129,25,0,0
1129,25,0,0
1129,25,0,0
1129,25,0,0
1129,25,0,0
1129,25,0,0
1129,25,0,0
1129,25,0,0
1129,25,0,0
1129,25,0,0
1129,25,0,0
1129,25,0,0
1129,25,0,0
1129,25,0,0
1129,25,0,0
1129,25,0,0
1129,25,0,0
1129,25,0,0
1129,25,0,0
1129,25,0,0
1129,25,0,0
1129,25,0,0
1129,25,0,0
1129,25,0,0
1129,25,0,0
1129,25,0,0
1129,25,0,0
1129,25,0,0
1129,25,0,0
1129,25,0,0
1129,25,0,0
1129,25,0,0
1129,25,0,0
1129,25,0,0
1129,25,0,0
1129,25,0,0
1129,25,0,0
1129,25,0,0
1129,25,0,0
1129,25,0,0
1129,25,0,0
1129,25,0,0
1129,25,0,0
1129,25,0,0
1129,25,0,0
1129,25,0,0
1129,25,0,0
1129,25,0,0
1129,25,0,0
1129,25,0,0
1129,25,0,0
1129,25,0,0
1129,25,0,0
1129,25,0,0
1129,25,0,0
1129,25,0,0
1129,25,0,0
1129,25,0,0
1129,25,0,0
1129,25,0,0
1129,25,0,0
1129,25,0,0
1129,25,0,0
1129,25,0,0
1129,25,0,0
1129,25,0,0
1129,25,0,0
1129,25,0,0
1129,25,0,0
1129,25,0,0
1129,25,0,0
1129,25,0,0
1129,25,0,0
click
waiting
1130,26,0,0
1130,26,0,0
1130,27,0,0
1130,27,0,0
1130,29,0,0
1130,29,0,0
1131,30,0,0
1131,30,0,0
1131,32,0,0
1131,32,0,0
1132,35,0,0
1132,35,0,0
1133,36,0,0
1133,36,0,0
1133,39,0,0
1133,39,0,0
1135,41,0,0
1135,41,0,0
1135,43,0,0
1135,43,0,0
1136,46,0,0
1136,46,0,0
1137,49,0,0
1137,49,0,0
1138,51,0,0
1138,51,0,0
1139,55,0,0
1139,55,0,0
1140,58,0,0
1140,58,0,0
1143,62,0,0
1143,62,0,0
1145,67,0,0
1145,67,0,0
1147,73,0,0
1147,73,0,0
1149,78,0,0
1149,78,0,0
1151,83,0,0
1151,83,0,0
1155,90,0,0
1155,90,0,0
1158,98,0,0
1158,98,0,0
1162,106,0,0
1162,106,0,0
1166,114,0,0
1166,114,0,0
1171,125,0,0
1171,125,0,0
1176,136,0,0
1176,136,0,0
1184,146,0,0
1184,146,0,0
1190,159,0,0
1190,159,0,0
1198,171,0,0
1198,171,0,0
1205,187,0,0
1205,187,0,0
1210,204,0,0
1210,204,0,0
1216,224,0,0
1216,224,0,0
1223,244,0,0
1223,244,0,0
1228,266,0,0
1228,266,0,0
1234,289,0,0
1234,289,0,0
1239,313,0,0
1239,313,0,0
1244,336,0,0
1244,336,0,0
1248,359,0,0
1248,359,0,0
1251,383,0,0
1251,383,0,0
1254,405,0,0
1254,405,0,0
1256,425,0,0
1256,425,0,0
1259,444,0,0
1259,444,0,0
1263,463,0,0
1263,463,0,0
1266,480,0,0
1266,480,0,0
1270,498,0,0
1270,498,0,0
1273,515,0,0
1273,515,0,0
1276,529,0,0
1276,529,0,0
1279,543,0,0
1279,543,0,0
1280,553,0,0
1280,553,0,0
1283,561,0,0
1283,561,0,0
1283,568,0,0
1283,568,0,0
1283,573,0,0
1283,573,0,0
1283,578,0,0
1283,578,0,0
1284,581,0,0
1284,581,0,0
1284,585,0,0
1284,585,0,0
1285,588,0,0
1285,588,0,0
1285,590,0,0
1285,590,0,0
1285,591,0,0
1285,591,0,0
1285,591,0,0
1285,591,0,0
1285,593,0,0
1285,593,0,0
1285,593,0,0
1285,593,0,0
1285,593,0,0
1285,593,0,0
1285,593,0,0
1285,593,0,0
1285,593,0,0
1285,593,0,0
1285,593,0,0
1285,593,0,0
1285,593,0,0
1285,593,0,0
1285,594,0,0
1285,594,0,0
1285,595,0,0
1285,595,0,0
1283,595,0,0
1283,595,0,0
1282,596,0,0
1282,596,0,0
1280,597,0,0
1280,597,0,0
1279,598,0,0
1279,598,0,0
1276,598,0,0
1276,598,0,0
1274,600,0,0
1274,600,0,0
1271,600,0,0
1271,600,0,0
1269,601,0,0
1269,601,0,0
1266,601,0,0
1266,601,0,0
1263,602,0,0
1263,602,0,0
1261,603,0,0
1261,603,0,0
1258,603,0,0
1258,603,0,0
1255,603,0,0
1255,603,0,0
1254,604,0,0
1254,604,0,0
1253,604,0,0
1253,604,0,0
1253,604,0,0
1253,604,0,0
1253,604,0,0
1253,604,0,0
1253,604,0,0
1253,604,0,0
1253,604,0,0
1253,604,0,0
1253,604,0,0
1253,604,0,0
1253,604,0,0
1253,604,0,0
1253,604,0,0
1253,604,0,0
1253,604,0,0
1253,604,0,0
1253,604,0,0
1253,604,0,0
1253,604,0,0
1253,604,0,0
1253,604,0,0
1253,604,0,0
1253,604,0,0
1253,604,0,0
1253,604,0,0
1253,604,0,0
1253,604,0,0
1253,604,0,0
1253,604,0,0
1253,604,0,0
1253,604,0,0
1253,604,0,0
1253,604,0,0
1253,604,0,0
1253,604,0,0
1253,604,0,0
1253,604,0,0
1253,604,0,0
1253,604,0,0
1253,604,0,0
1253,604,0,0
1253,604,0,0
1253,604,0,0
1253,604,0,0
1253,604,0,0
1253,604,0,0
1253,604,0,0
1253,604,0,0
1253,604,0,0
1253,604,0,0
1253,604,0,0
1253,604,0,0
1253,604,0,0
1253,604,0,0
1253,604,0,0
1253,604,0,0
1253,604,0,0
1253,604,0,0
1253,604,0,0
1253,604,0,0
1253,604,0,0
1253,604,0,0
1253,604,0,0
1253,604,0,0
1253,604,0,0
1253,604,0,0
1253,604,0,0
1253,604,0,0
1253,604,0,0
1253,604,0,0
1253,604,0,0
1253,604,0,0
1253,604,0,0
1253,604,0,0
1253,604,0,0
1253,604,0,0
1253,604,0,0
1253,604,0,0
1253,604,0,0
1253,604,0,0
1253,604,0,0
1253,604,0,0
1253,604,0,0
1253,604,0,0
1253,604,0,0
1253,604,0,0
1253,604,0,0
1253,604,0,0
1253,604,0,0
1253,604,0,0
1253,604,0,0
1253,604,0,0
1253,604,0,0
1253,604,0,0
1253,604,0,0
1253,604,0,0
1253,604,0,0
1253,604,0,0
1253,604,0,0
1253,604,0,0
1253,604,0,0
1253,604,0,0
1253,604,0,0
1253,604,0,0
1253,604,0,0
1253,604,0,0
1253,604,0,0
1253,604,0,0
1253,604,0,0
1253,604,0,0
1253,604,0,0
1253,604,0,0
1253,604,0,0
1253,604,0,0
1253,604,0,0
1253,604,0,0
1253,604,0,0
1253,604,0,0
1253,604,0,0
1253,604,0,0
1253,604,0,0
1253,604,0,0
1253,604,0,0
1253,604,0,0
1253,604,0,0
1253,604,0,0
1253,604,0,0
1253,604,0,0
1253,604,0,0
1253,604,0,0
1253,604,0,0
1253,604,0,0
1253,604,0,0
1253,604,0,0
1253,604,0,0
1253,604,0,0
1253,604,0,0
1253,604,0,0
1253,604,0,0
1253,604,0,0
1253,604,0,0
1253,604,0,0
1253,604,0,0
1253,604,0,0
1253,604,0,0
1253,604,0,0
1253,604,0,0
1253,604,0,0
1253,604,0,0
1253,604,0,0
1253,604,0,0
1253,604,0,0
1253,604,0,0
1253,604,0,0
1253,604,0,0
1253,604,0,0
1253,604,0,0
1253,604,0,0
1253,604,0,0
1253,604,0,0
1253,604,0,0
1253,604,0,0
1253,604,0,0
1253,604,0,0
1253,604,0,0
1253,604,0,0
1253,604,0,0
1253,604,0,0
1253,604,0,0
1253,604,0,0
1253,604,0,0
1253,604,0,0
1253,604,0,0
1253,604,0,0
1253,604,0,0
1253,604,0,0
1253,604,0,0
1253,604,0,0
1253,604,0,0
1253,604,0,0
1253,604,0,0
1253,604,0,0
1253,604,0,0
1253,604,0,0
1253,604,0,0
1253,604,0,0
1253,604,0,0
1253,604,0,0
1253,604,0,0
1253,604,0,0
1253,604,0,0
1253,604,0,0
1253,604,0,0
1253,604,0,0
1253,604,0,0
1253,604,0,0
1253,604,0,0
1253,604,0,0
1253,604,0,0
1253,604,0,0
1253,604,0,0
1253,604,0,0
1253,604,0,0
1253,604,0,0
1253,604,0,0
1253,604,0,0
1253,604,0,0
1253,604,0,0
1253,604,0,0
1253,604,0,0
1253,604,0,0
1253,604,0,0
1253,604,0,0
1253,604,0,0
1253,604,0,0
1253,604,0,0
1253,604,0,0
1253,604,0,0
1253,604,0,0
1253,604,0,0
1253,604,0,0
1253,604,0,0
1253,604,0,0
1253,604,0,0
1253,604,0,0
1253,604,0,0
1253,604,0,0
1253,604,0,0
1253,604,0,0
1253,604,0,0
1253,604,0,0
1253,604,0,0
1253,604,0,0
1253,604,0,0
1253,604,0,0
1253,604,0,0
1253,604,0,0
1253,604,0,0
1253,604,0,0
1253,604,0,0
1253,604,0,0
1253,604,0,0
1253,604,0,0
1253,604,0,0
1253,604,0,0
1253,604,0,0
1253,604,0,0
1253,604,0,0
1253,604,0,0
1253,604,0,0
1253,604,0,0
1253,604,0,0
1253,604,0,0
1253,604,0,0
1253,604,0,0
1253,604,0,0
1253,604,0,0
1253,604,0,0
1253,604,0,0
1253,604,0,0
1253,604,0,0
1253,604,0,0
1253,604,0,0
1253,604,0,0
1253,604,0,0
1253,604,0,0
1253,604,0,0
1253,604,0,0
1253,604,0,0
1253,604,0,0
1253,604,0,0
1253,604,0,0
1253,604,0,0
1253,604,0,0
1253,604,0,0
1253,604,0,0
1253,604,0,0
1253,604,0,0
1253,604,0,0
1253,604,0,0
1253,604,0,0
1253,604,0,0
1253,604,0,0
1253,604,0,0
1253,604,0,0
1253,604,0,0
1253,604,0,0
1253,604,0,0
1253,604,0,0
1253,604,0,0
1253,604,0,0
1253,604,0,0
1253,604,0,0
1253,604,0,0
1253,604,0,0
1253,604,0,0
1253,604,0,0
1253,604,0,0
1253,604,0,0
1253,604,0,0
1253,604,0,0
1253,604,0,0
1253,604,0,0
1253,604,0,0
1253,604,0,0
1253,604,0,0
1253,604,0,0
1253,604,0,0
1253,604,0,0
1253,604,0,0
1253,604,0,0
1253,604,0,0
1253,604,0,0
1253,604,0,0
1253,604,0,0
1253,604,0,0
1253,604,0,0
1253,604,0,0
1253,604,0,0
1253,604,0,0
1253,604,0,0
1253,604,0,0
1253,604,0,0
1253,604,0,0
1253,604,0,0
1253,604,0,0
1253,604,0,0
1253,604,0,0
900,614,0,0
900,614,0,0
900,614,0,0
900,614,0,0
900,614,0,0
900,614,0,0
900,614,0,0
900,614,0,0
900,614,0,0
900,614,0,0
900,614,0,0
900,614,0,0
900,614,0,0
900,614,0,0
900,614,0,0
900,614,0,0
900,614,0,0
900,614,0,0
900,614,0,0
900,614,0,0
900,614,0,0
900,614,0,0
900,614,0,0
900,614,0,0
900,614,0,0
900,614,0,0
900,614,0,0
900,614,0,0
900,614,0,0
900,614,0,0
900,614,0,0
900,614,0,0
900,614,0,0
900,614,0,0
900,614,0,0
900,614,0,0
900,614,0,0
900,614,0,0
900,614,0,0
900,614,0,0
900,614,0,0
900,614,0,0
900,614,0,0
900,614,0,0
900,614,0,0
900,614,0,0
900,614,0,0
900,614,0,0
900,614,0,0
900,614,0,0
900,614,0,0
900,614,0,0
900,614,0,0
900,614,0,0
900,614,0,0
900,614,0,0
900,614,0,0
900,614,0,0
900,614,0,0
900,614,0,0
900,614,0,0
900,614,0,0
900,614,0,0
900,614,0,0
900,614,0,0
900,614,0,0
900,614,0,0
900,614,0,0
900,614,0,0
900,614,0,0
900,614,0,0
900,614,0,0
900,614,0,0
900,614,0,0
900,614,0,0
900,614,0,0
900,614,0,0
900,614,0,0
900,614,0,0
900,614,0,0
900,614,0,0
900,614,0,0
900,614,0,0
900,614,0,0
900,614,0,0
click
900,613,0,0
900,613,0,0
900,612,0,0
902,611,0,0
902,611,0,0
905,610,0,0
905,610,0,0
905,610,0,0
909,608,0,0
909,608,0,0
915,605,0,0
915,605,0,0
920,602,0,0
920,602,0,0
926,599,0,0
926,599,0,0
933,595,0,0
933,595,0,0
939,590,0,0
939,590,0,0
946,586,0,0
946,586,0,0
953,581,0,0
953,581,0,0
960,576,0,0
960,576,0,0
966,571,0,0
966,571,0,0
973,565,0,0
973,565,0,0
977,561,0,0
977,561,0,0
983,556,0,0
983,556,0,0
988,550,0,0
988,550,0,0
995,545,0,0
995,545,0,0
1001,537,0,0
1001,537,0,0
1007,528,0,0
1007,528,0,0
1013,522,0,0
1013,522,0,0
1019,515,0,0
1019,515,0,0
1022,508,0,0
1022,508,0,0
1028,501,0,0
1028,501,0,0
1031,496,0,0
1031,496,0,0
1034,489,0,0
1034,489,0,0
1038,482,0,0
1038,482,0,0
1039,475,0,0
1039,475,0,0
1041,469,0,0
1041,469,0,0
1041,464,0,0
1041,464,0,0
1042,460,0,0
1042,460,0,0
1042,456,0,0
1042,456,0,0
1042,453,0,0
1042,453,0,0
1042,450,0,0
1042,450,0,0
1041,446,0,0
1041,446,0,0
1040,444,0,0
1040,444,0,0
1038,441,0,0
1038,441,0,0
1037,438,0,0
1037,438,0,0
1035,436,0,0
1035,436,0,0
1034,434,0,0
1034,434,0,0
1033,433,0,0
1033,433,0,0
1032,431,0,0
1032,431,0,0
1031,431,0,0
1031,431,0,0
1030,430,0,0
1030,430,0,0
1030,428,0,0
1030,428,0,0
1029,427,0,0
1029,427,0,0
1028,427,0,0
1028,427,0,0
1028,426,0,0
1028,426,0,0
1028,426,0,0
1028,426,0,0
1028,426,0,0
1028,426,0,0
1028,426,0,0
1028,426,0,0
1028,426,0,0
1028,426,0,0
1028,426,0,0
1028,426,0,0
1028,426,0,0
1028,425,0,0
1028,425,0,0
1028,425,0,0
1028,425,0,0
1027,425,0,0
1027,425,0,0
1027,425,0,0
1027,425,0,0
1026,425,0,0
1026,425,0,0
1026,424,0,0
1026,424,0,0
1025,424,0,0
1025,424,0,0
1024,422,0,0
1024,422,0,0
1023,421,0,0
1023,421,0,0
1022,420,0,0
1022,420,0,0
1020,418,0,0
1020,418,0,0
1018,416,0,0
1018,416,0,0
1016,413,0,0
1016,413,0,0
1012,411,0,0
1012,411,0,0
1010,408,0,0
1010,408,0,0
1006,405,0,0
1006,405,0,0
1003,401,0,0
1003,401,0,0
999,398,0,0
999,398,0,0
999,398,0,0
996,395,0,0
991,392,0,0
991,392,0,0
991,392,0,0
988,387,0,0
988,387,0,0
985,384,0,0
985,384,0,0
982,381,0,0
982,381,0,0
979,378,0,0
979,378,0,0
977,375,0,0
977,375,0,0
976,373,0,0
976,373,0,0
974,371,0,0
974,371,0,0
974,370,0,0
974,370,0,0
973,368,0,0
973,368,0,0
973,368,0,0
973,368,0,0
973,366,0,0
973,366,0,0
973,366,0,0
973,366,0,0
973,366,0,0
973,366,0,0
973,365,0,0
973,365,0,0
973,365,0,0
973,365,0,0
973,365,0,0
973,365,0,0
973,365,0,0
973,365,0,0
973,365,0,0
973,365,0,0
973,365,0,0
973,365,0,0
973,365,0,0
973,365,0,0
973,365,0,0
973,365,0,0
973,365,0,0
973,365,0,0
973,365,0,0
973,365,0,0
973,365,0,0
973,365,0,0
973,365,0,0
973,365,0,0
973,365,0,0
973,365,0,0
973,365,0,0
973,365,0,0
973,365,0,0
973,365,0,0
973,365,0,0
973,365,0,0
973,365,0,0
973,365,0,0
973,365,0,0
973,365,0,0
973,365,0,0
973,365,0,0
973,365,0,0
973,365,0,0
973,365,0,0
973,365,0,0
973,365,0,0
973,365,0,0
973,365,0,0
973,365,0,0
973,365,0,0
973,365,0,0
973,365,0,0
973,365,0,0
973,365,0,0
973,365,0,0
973,365,0,0
973,365,0,0
973,365,0,0
973,365,0,0
973,365,0,0
973,365,0,0
973,365,0,0
973,365,0,0
973,365,0,0
973,365,0,0
973,365,0,0
973,365,0,0
973,365,0,0
973,365,0,0
973,365,0,0
973,365,0,0
973,365,0,0
973,365,0,0
973,365,0,0
973,365,0,0
973,365,0,0
973,365,0,0
973,365,0,0
972,365,0,0
972,365,0,0
972,365,0,0
972,365,0,0
972,365,0,0
972,365,0,0
972,365,0,0
972,365,0,0
972,365,0,0
972,365,0,0
972,365,0,0
972,365,0,0
972,365,0,0
972,365,0,0
972,365,0,0
972,365,0,0
972,365,0,0
972,365,0,0
972,365,0,0
972,365,0,0
972,365,0,0
972,365,0,0
972,365,0,0
972,365,0,0
972,365,0,0
972,365,0,0
972,365,0,0
972,365,0,0
972,365,0,0
972,365,0,0
972,365,0,0
972,365,0,0
972,365,0,0
972,365,0,0
972,365,0,0
972,365,0,0
972,365,0,0
972,365,0,0
972,365,0,0
972,365,0,0
972,365,0,0
972,365,0,0
972,365,0,0
972,365,0,0
972,365,0,0
972,365,0,0
972,365,0,0
972,365,0,0
972,365,0,0
972,365,0,0
972,365,0,0
972,365,0,0
972,365,0,0
972,365,0,0
972,365,0,0
972,365,0,0
972,365,0,0
972,365,0,0
972,365,0,0
972,365,0,0
972,365,0,0
972,365,0,0
972,365,0,0
972,365,0,0
972,365,0,0
972,365,0,0
972,365,0,0
972,365,0,0
972,365,0,0
972,365,0,0
972,365,0,0
972,365,0,0
972,365,0,0
972,365,0,0
972,365,0,0
972,365,0,0
972,365,0,0
972,365,0,0
972,365,0,0
972,365,0,0
972,365,0,0
972,365,0,0
972,365,0,0
972,365,0,0
972,365,0,0
972,365,0,0
972,365,0,0
972,365,0,0
972,365,0,0
972,365,0,0
972,365,0,0
972,365,0,0
972,365,0,0
972,365,0,0
972,365,0,0
972,365,0,0
972,365,0,0
972,365,0,0
972,365,0,0
972,365,0,0
972,365,0,0
972,365,0,0
972,365,0,0
972,365,0,0
972,365,0,0
972,365,0,0
972,365,0,0
972,365,0,0
972,365,0,0
972,365,0,0
972,365,0,0
972,365,0,0
972,365,0,0
972,365,0,0
972,365,0,0
972,365,0,0
972,365,0,0
972,365,0,0
972,365,0,0
972,365,0,0
972,365,0,0
972,365,0,0
972,365,0,0
972,365,0,0
972,365,0,0
972,365,0,0
972,365,0,0
972,365,0,0
972,365,0,0
972,365,0,0
972,365,0,0
972,365,0,0
972,365,0,0
972,365,0,0
972,365,0,0
972,365,0,0
972,365,0,0
972,365,0,0
972,365,0,0
972,365,0,0
972,365,0,0
972,365,0,0
972,365,0,0
972,365,0,0
972,365,0,0
972,365,0,0
972,365,0,0
972,365,0,0
972,365,0,0
972,365,0,0
972,365,0,0
972,365,0,0
972,365,0,0
972,365,0,0
972,365,0,0
972,365,0,0
972,365,0,0
972,365,0,0
972,365,0,0
972,365,0,0
972,365,0,0
972,365,0,0
972,365,0,0
972,365,0,0
972,365,0,0
972,365,0,0
972,365,0,0
972,365,0,0
972,365,0,0
972,365,0,0
972,365,0,0
972,365,0,0
972,365,0,0
972,365,0,0
972,365,0,0
972,365,0,0
972,365,0,0
972,365,0,0
972,365,0,0
972,365,0,0
972,365,0,0
972,365,0,0
972,365,0,0
972,365,0,0
972,365,0,0
972,365,0,0
972,365,0,0
972,365,0,0
972,365,0,0
972,365,0,0
972,365,0,0
972,365,0,0
972,365,0,0
972,365,0,0
972,365,0,0
972,365,0,0
972,365,0,0
972,365,0,0
972,365,0,0
972,365,0,0
972,365,0,0
972,365,0,0
972,365,0,0
972,365,0,0
972,365,0,0
972,365,0,0
972,365,0,0
972,365,0,0
972,365,0,0
972,365,0,0
972,365,0,0
972,365,0,0
972,365,0,0
972,365,0,0
972,365,0,0
972,365,0,0
972,365,0,0
972,365,0,0
972,365,0,0
972,365,0,0
972,365,0,0
972,365,0,0
972,365,0,0
972,365,0,0
972,365,0,0
972,365,0,0
972,365,0,0
972,365,0,0
972,365,0,0
972,365,0,0
972,365,0,0
972,365,0,0
972,365,0,0
972,365,0,0
972,365,0,0
972,365,0,0
972,365,0,0
972,365,0,0
972,365,0,0
972,365,0,0
972,365,0,0
972,365,0,0
972,365,0,0
972,365,0,0
972,365,0,0
972,365,0,0
972,365,0,0
972,365,0,0
972,365,0,0
972,365,0,0
972,365,0,0
972,365,0,0
972,365,0,0
972,365,0,0
972,365,0,0
972,365,0,0
972,365,0,0
972,365,0,0
972,365,0,0
972,365,0,0
972,365,0,0
972,365,0,0
972,365,0,0
972,365,0,0
972,365,0,0
972,365,0,0
972,365,0,0
972,365,0,0
972,365,0,0
972,365,0,0
972,365,0,0
972,365,0,0
972,365,0,0
972,365,0,0
972,365,0,0
972,365,0,0
972,365,0,0
972,365,0,0
972,365,0,0
972,365,0,0
972,365,0,0
972,365,0,0
972,365,0,0
972,365,0,0
972,365,0,0
972,365,0,0
972,365,0,0
972,365,0,0
972,365,0,0
972,365,0,0
972,365,0,0
972,365,0,0
972,365,0,0
972,365,0,0
972,365,0,0
972,365,0,0
972,365,0,0
972,365,0,0
972,365,0,0
972,365,0,0
972,365,0,0
972,365,0,0
972,365,0,0
972,365,0,0
972,365,0,0
972,365,0,0
972,365,0,0
972,365,0,0
972,365,0,0
972,365,0,0
972,365,0,0
972,365,0,0
972,365,0,0
972,365,0,0
972,365,0,0
972,365,0,0
972,365,0,0
972,365,0,0
972,365,0,0
972,365,0,0
972,365,0,0
972,365,0,0
972,365,0,0
972,365,0,0
972,365,0,0
972,365,0,0
972,365,0,0
972,365,0,0
972,365,0,0
972,365,0,0
972,365,0,0
972,365,0,0
972,365,0,0
972,365,0,0
972,365,0,0
972,365,0,0
972,365,0,0
972,365,0,0
972,365,0,0
972,365,0,0
972,365,0,0
972,365,0,0
972,365,0,0
972,365,0,0
972,365,0,0
972,365,0,0
972,365,0,0
click
waiting
973,366,0,0
973,366,0,0
974,366,0,0
974,366,0,0
980,368,0,0
980,368,0,0
987,371,0,0
987,371,0,0
997,376,0,0
997,376,0,0
1010,380,0,0
1010,380,0,0
1025,385,0,0
1025,385,0,0
1041,390,0,0
1041,390,0,0
1059,396,0,0
1059,396,0,0
1076,404,0,0
1076,404,0,0
1095,413,0,0
1095,413,0,0
1114,419,0,0
1114,419,0,0
1130,428,0,0
1130,428,0,0
1145,436,0,0
1145,436,0,0
1161,445,0,0
1161,445,0,0
1175,455,0,0
1175,455,0,0
1189,465,0,0
1189,465,0,0
1200,475,0,0
1200,475,0,0
1210,484,0,0
1210,484,0,0
1220,493,0,0
1220,493,0,0
1230,500,0,0
1230,500,0,0
1241,509,0,0
1241,509,0,0
1251,515,0,0
1251,515,0,0
1260,523,0,0
1260,523,0,0
1269,529,0,0
1269,529,0,0
1275,534,0,0
1275,534,0,0
1281,538,0,0
1281,538,0,0
1286,540,0,0
1286,540,0,0
1289,541,0,0
1289,541,0,0
1290,541,0,0
1290,541,0,0
1290,541,0,0
1290,541,0,0
1290,541,0,0
1290,541,0,0
1290,541,0,0
1290,541,0,0
1290,541,0,0
1290,541,0,0
1290,541,0,0
1290,541,0,0
1290,541,0,0
1290,541,0,0
1290,541,0,0
1290,541,0,0
1290,541,0,0
1290,541,0,0
1290,541,0,0
1290,541,0,0
1290,541,0,0
1290,541,0,0
1290,541,0,0
1290,541,0,0
1290,541,0,0
1290,541,0,0
1290,541,0,0
1290,541,0,0
1290,541,0,0
1290,541,0,0
1290,541,0,0
1290,541,0,0
1290,541,0,0
1290,541,0,0
1290,541,0,0
1290,541,0,0
1290,541,0,0
1290,541,0,0
1290,541,0,0
1290,541,0,0
1290,541,0,0
1290,541,0,0
1290,541,0,0
1290,541,0,0
1290,541,0,0
1290,541,0,0
1290,541,0,0
1290,541,0,0
1290,541,0,0
1290,541,0,0
1290,541,0,0
1290,541,0,0
1290,541,0,0
1290,541,0,0
1290,541,0,0
1290,541,0,0
1290,541,0,0
1290,541,0,0
1290,541,0,0
1290,541,0,0
1290,541,0,0
1290,541,0,0
1290,541,0,0
1290,541,0,0
1290,541,0,0
1290,541,0,0
1290,541,0,0
1290,541,0,0
1290,541,0,0
1290,541,0,0
1290,541,0,0
1290,541,0,0
1290,541,0,0
1290,541,0,0
1290,541,0,0
1290,541,0,0
1290,541,0,0
1290,541,0,0
1290,541,0,0
1290,541,0,0
1290,541,0,0
1290,541,0,0
1290,541,0,0
1290,541,0,0
1290,541,0,0
1290,541,0,0
1290,541,0,0
1290,541,0,0
1290,541,0,0
1290,541,0,0
1290,541,0,0
1290,541,0,0
1290,541,0,0
1290,541,0,0
1290,541,0,0
1290,541,0,0
1290,541,0,0
1290,541,0,0
1290,541,0,0
1290,541,0,0
1290,541,0,0
1290,541,0,0
1290,541,0,0
1290,541,0,0
1290,541,0,0
1290,541,0,0
1290,541,0,0
1290,541,0,0
1290,541,0,0
1290,541,0,0
1290,541,0,0
1290,541,0,0
1290,541,0,0
1290,541,0,0
1290,541,0,0
1290,541,0,0
1290,541,0,0
1290,541,0,0
1290,541,0,0
1290,541,0,0
1290,541,0,0
1290,541,0,0
1290,541,0,0
1290,541,0,0
1290,541,0,0
1290,541,0,0
1290,541,0,0
1290,541,0,0
1290,541,0,0
1290,541,0,0
1290,541,0,0
1290,541,0,0
1290,541,0,0
1290,541,0,0
1290,541,0,0
1290,541,0,0
1290,541,0,0
1290,541,0,0
1290,541,0,0
1290,541,0,0
1290,541,0,0
1290,541,0,0
1290,541,0,0
1290,541,0,0
1290,541,0,0
1290,541,0,0
1290,541,0,0
1290,541,0,0
1290,541,0,0
1290,541,0,0
1290,541,0,0
1290,541,0,0
1290,541,0,0
1290,541,0,0
1290,541,0,0
1290,541,0,0
1290,541,0,0
1290,541,0,0
1290,541,0,0
1290,541,0,0
1290,541,0,0
1290,541,0,0
1290,541,0,0
